# GIMP colorrc
# 
# This file holds a list of recently used colors.

(color-history
    (color-rgba 1 1 1 1)
    (color-rgba 0.043137256056070328 0.011764706112444401 0.0039215688593685627 1)
    (color-rgba 0.56470590829849243 0.37254902720451355 0.24705882370471954 1)
    (color-rgba 0.62745100259780884 0.65490198135375977 0.65882354974746704 1)
    (color-rgba 0.16470588743686676 0.1098039299249649 0.10588236153125763 1)
    (color-rgba 0.0078431377187371254 0 0.0039215688593685627 1)
    (color-rgba 0.21568627655506134 0.13333334028720856 0.11372549086809158 1)
    (color-rgba 0.83137261867523193 0.76470595598220825 0.70196080207824707 1)
    (color-rgba 0.67058825492858887 0.62745100259780884 0.55686277151107788 1)
    (color-rgba 0.75294125080108643 0.68627452850341797 0.63137257099151611 1)
    (color-rgba 0.83921575546264648 0.7725490927696228 0.70980393886566162 1)
    (color-rgba 0.94117653369903564 0.91764712333679199 0.91764712333679199 1)
    (color-rgba 0.12156862765550613 0.12941177189350128 0.11764705926179886 1)
    (color-rgba 0.26274511218070984 0.19215686619281769 0.12941177189350128 1)
    (color-rgba 0.27843138575553894 0.26666668057441711 0.25098040699958801 1)
    (color-rgba 0.29411765933036804 0.22352941334247589 0.16078431904315948 1)
    (color-rgba 0.11764705926179886 0.12156862765550613 0.10980392247438431 1)
    (color-rgba 0.91372555494308472 0.25098040699958801 0.4901961088180542 1)
    (color-rgba 0.28559670781893004 0.94037940379403795 0.28559670781893004 1)
    (color-rgba 0.92549026012420654 0.14509804546833038 0.35294118523597717 1)
    (color-rgba 0.56443088750871429 0.27285623473518683 0.91327913279132789 1)
    (color-rgba 0.080939476061427318 0.25156101967523758 0.78048780487804881 1)
    (color-rgba 1 1 1 6.9530375835793573e-310)
    (color-rgba 0.92549019607843142 0.14509803921568629 0.35294117647058826 6.9526037430519661e-310)
    (color-rgba 0 0 0 1)
    (color-rgba 0.14901960784313725 0.77647058823529413 0.85490196078431369 1)
    (color-rgba 0.14901960784313725 0.77647058823529413 0.85490196078431369 6.9252813670857088e-310)
    (color-rgba 0.24313727021217346 0.47058826684951782 0.80784320831298828 1)
    (color-rgba 0.47865864027480182 0.59125939529979932 0.85399449035812669 1)
    (color-rgba 0.13725490868091583 0.14901961386203766 0.17647059261798859 1)
    (color-rgba 0.98039215686274506 0.98039215686274506 0.98039215686274506 6.9170726810622514e-310)
    (color-rgba 0.32941177487373352 0.69019609689712524 0.86666673421859741 1)
    (color-rgba 0 0.47843137254901963 0.72156862745098038 6.9296311826278473e-310)
    (color-rgba 0.039215686274509803 0.52549019607843139 0.7686274509803922 6.9296311826278473e-310)
    (color-rgba 0 0 0 6.9296311826278473e-310)
    (color-rgba 0.25379723157500933 0.27927308887649605 0.29201101928374651 1)
    (color-rgba 0 0.47843137254901963 0.72156862745098038 1)
    (color-rgba 0.039215686274509803 0.52549019607843139 0.7686274509803922 1)
    (color-rgba 0.13725490196078433 0.62352941176470589 0.8666666666666667 1)
    (color-rgba 0.18823529411764706 0.67450980392156867 0.91764705882352937 1)
    (color-rgba 0.59228650137741046 0.092133455769819406 0.092133455769819406 1)
    (color-rgba 1 0 0.011764705882352941 4.6619506388912235e-310)
    (color-rgba 0.086274509803921567 0.6588235294117647 0.25098039215686274 4.6619502449414592e-310)
    (color-rgba 0.086274509803921567 0.6588235294117647 0.25098039215686274 1)
    (color-rgba 1 0 0.013605442176870319 1)
    (color-rgba 0.78431372549019607 0.20784313725490197 0.21568627450980393 6.9533272263690104e-310)
    (color-rgba 0.78431372549019607 0.20784313725490197 0.21568627450980393 1)
    (color-rgba 1 0 0 1)
    (color-rgba 0.9137254901960784 0.20000000000000001 0.94509803921568625 1)
    (color-rgba 0.83800972689861586 0.96221473999251783 0.96969696969696972 1)
    (color-rgba 0.63087440057137023 0.95827224053751614 0.97520661157024791 1)
    (color-rgba 0.16078431372549021 0.84313725490196079 0.8784313725490196 1)
    (color-rgba 0.027450980392156862 0.12549019607843137 0.28627450980392155 1)
    (color-rgba 0.90980392156862744 0.20000000000000001 0.95294117647058818 1)
    (color-rgba 1 0.47450980392156861 0.77647058823529413 1)
    (color-rgba 0.2258894145488739 0.22588938474655151 0.2258894145488739 1)
    (color-rgba 0.74117647058823533 0.57647058823529407 0.97647058823529409 1)
    (color-rgba 0.97254901960784312 0.97254901960784312 0.94901960784313721 1)
    (color-rgba 0.15686274509803921 0.16470588235294117 0.21176470588235294 1)
    (color-rgba 0.90358126721763088 0.033465972859912305 0.52245638621796964 1)
    (color-rgba 0.94117647058823528 0.96862745098039216 1 1))

# end of colorrc
